3.3	2533
3.6	3552.49
3.9	3349.07
4.2	3102.59
4.5	2985.05
4.9	2874.66
5.2	2761.49
5.5	2652.04
5.8	2542.42
6.1	2433.80
6.5	2163.61
6.8	2001.43
7.1	1947.05
7.4	1947.05
7.7	1947.11
8.1	1947.05
8.4	1947.11
8.7	1947.05
9.0	1947.11
9.3	1946.61
9.6	1946.46
10.0	1946.41
10.3	1946.06
10.6	1946.11
10.9	1946.06
11.2	1946.11
11.6	1946.06
11.9	1946.11
12.2	1946.06
12.5	1946.11
12.8	1946.06
13.2	1946.06
13.5	1946.11
13.8	1946.06
14.1	1946.11
14.4	1946.06
14.7	1946.11
15.1	1946.06
15.4	1946.11
15.7	1946.06
16.0	1946.06
16.3	1946.11
16.6	1946.06
17.0	1946.11
17.3	1946.06
17.6	1946.11
17.9	1946.06
18.2	1946.11
18.6	1946.06
18.9	1946.06
19.2	1946.11
19.5	1946.06
19.8	1946.11
20.2	1946.06
20.5	1946.11
20.8	1946.06
21.1	1946.11
21.4	1946.06
21.8	1946.06
22.1	1946.11
22.4	1946.06
22.7	1946.11
23.0	1946.06
23.4	1946.11
23.7	1946.06
24.0	1946.11
24.3	1946.06
24.6	1946.06
25.0	1946.11
25.3	1946.06
25.6	1946.11
25.9	1946.06
26.2	1946.11
26.5	1946.06
26.9	1946.11
27.2	1946.06
27.5	1946.06
27.8	1946.11
28.1	1946.06
28.4	1946.11
28.8	1946.06
29.1	1946.11
29.4	1946.06
29.7	1946.11
30.0	1946.06
30.4	1946.06
30.7	1946.11
31.0	1946.06
31.3	1946.11
32.0	1946.11
32.6	1946.11
32.9	1946.06
33.5	1946.11
34.2	1946.11
34.8	1946.11
35.5	1946.11
36.1	1946.06
36.7	1946.06
37.4	1946.06
38.0	1946.06
38.7	1946.06
39.3	1946.11
39.9	1946.11
40.6	1946.11
41.2	1946.11
41.8	1946.06
42.5	1946.06
43.1	1946.06
43.7	1946.06
44.4	1946.06
45.0	1946.11
45.7	1946.11
46.3	1946.11
46.9	1946.11
47.6	1946.06
48.2	1946.06
48.8	1946.06
49.5	1946.06
50.1	1946.06
50.8	1946.11
51.4	1946.11
52.1	1946.11
52.7	1946.11
53.3	1946.06
54.0	1946.06
54.6	1946.06
55.2	1946.06
55.9	1946.06
56.5	1946.11
57.1	1946.11
57.8	1946.11
58.4	1946.11
59.1	1946.06
59.7	1946.06
60.3	1946.06
61.0	1946.06
61.6	1946.06
62.3	1946.11
62.9	1946.11
63.5	1946.11
64.2	1946.11
65.1	1946.11
66.1	1946.06
67.0	1946.11
68.0	1946.11
69.0	1946.06
69.9	1946.11
70.9	1946.11
71.8	1946.06
72.8	1946.11
73.7	1946.11
74.7	1946.06
75.6	1946.11
76.6	1946.11
77.5	1946.06
78.5	1946.11
79.5	1946.11
80.4	1946.06
81.4	1946.11
82.3	1946.11
83.3	1946.06
84.2	1946.11
85.2	1946.11
86.1	1946.06
87.1	1946.11
88.0	1946.11
89.0	1946.06
90.0	1946.11
90.9	1946.11
91.9	1946.06
92.8	1946.11
93.8	1946.11
94.8	1946.06
95.7	1946.11
96.7	1946.11
98.0	1946.11
99.3	1946.06
100.5	1946.06
101.8	1946.06
102.8	1946.06
104.1	1946.06
105.4	1946.11
106.7	1946.11
107.9	1946.06
109.2	1946.06
110.5	1946.06
111.8	1946.11
113.0	1946.11
114.3	1946.06
115.6	1946.06
116.8	1946.11
118.1	1946.11
119.4	1946.06
120.7	1946.06
121.9	1946.06
123.2	1946.11
124.5	1946.11
125.8	1946.06
127.0	1946.06
128.3	1946.11
129.9	1946.06
131.5	1946.06
133.1	1946.11
134.7	1946.11
136.3	1946.06
137.9	1946.06
139.5	1946.06
141.1	1946.11
142.6	1946.11
144.2	1946.06
145.8	1946.06
147.4	1946.11
149.0	1946.11
150.6	1946.06
152.2	1946.06
153.8	1946.06
155.4	1946.11
157.0	1946.11
158.6	1946.06
160.2	1946.06
162.1	1946.06
164.0	1946.11
165.9	1946.06
167.8	1946.06
169.7	1946.11
171.6	1946.06
173.5	1946.06
175.4	1946.11
177.3	1946.06
179.2	1946.06
181.2	1946.11
183.1	1946.06
185.0	1946.06
186.9	1946.11
188.8	1946.06
190.8	1946.06
192.7	1946.11
194.9	1946.11
197.1	1946.11
199.4	1946.06
201.6	1946.06
203.8	1946.06
206.1	1946.06
208.3	1946.06
210.5	1946.11
212.8	1946.11
215.1	1946.11
217.3	1946.11
219.5	1946.06
221.8	1946.06
224.0	1946.06
226.5	1946.11
229.1	1946.06
231.6	1946.11
234.2	1946.06
236.7	1946.06
239.3	1946.11
241.8	1946.06
244.4	1946.11
246.9	1946.06
249.5	1946.11
252.0	1946.06
254.6	1946.11
257.1	1946.06
260.0	1946.06
262.8	1946.06
265.7	1946.06
268.6	1946.06
271.5	1946.06
274.3	1946.06
277.2	1946.06
280.1	1946.06
282.9	1946.06
285.8	1946.06
288.7	1946.06
291.9	1946.11
295.1	1946.06
298.3	1946.11
301.5	1946.06
304.6	1946.11
307.8	1946.06
311.0	1946.11
314.2	1946.06
317.4	1946.06
320.6	1946.11
324.1	1946.11
327.6	1946.11
331.1	1946.11
334.6	1946.06
338.1	1946.06
341.7	1946.06
345.1	1946.06
348.7	1946.06
352.2	1946.11
356.0	1946.06
359.8	1946.11
363.6	1946.11
367.5	1946.06
371.3	1946.11
375.1	1946.11
378.9	1946.06
382.7	1946.11
386.8	1946.06
391.0	1946.06
395.1	1946.11
399.3	1946.11
403.4	1946.06
407.5	1946.06
411.6	1946.06
415.8	1946.11
420.2	1946.06
424.7	1946.06
429.2	1946.06
433.7	1946.11
438.1	1946.11
442.6	1946.06
447.1	1946.06
451.9	1946.06
456.6	1946.11
461.4	1946.06
466.2	1946.06
471.0	1946.11
475.8	1946.06
480.6	1946.06
485.7	1946.06
490.8	1946.06
495.9	1946.06
501.0	1946.06
506.1	1946.11
511.1	1946.11
516.5	1946.06
521.9	1946.11
527.4	1946.06
532.8	1946.11
538.2	1946.06
543.6	1946.06
549.4	1946.06
555.0	1946.06
560.7	1946.06
566.5	1946.06
572.2	1946.06
578.0	1946.06
584.1	1946.06
590.2	1946.11
596.2	1946.06
602.4	1946.11
608.7	1946.11
615.1	1946.11
621.4	1946.06
627.8	1946.06
634.2	1946.06
640.6	1946.06