3.7	4951.00
4.1	3907.55
4.6	5851.58
5.0	5920.24
5.5	5961.34
5.9	5910.21
6.3	5842.38
6.8	5891.04
7.2	5836.20
7.6	5802.68
8.1	5794.82
8.5	5738.06
8.9	3460.07
9.4	3348.15
9.8	3239.01
10.3	4012.28
10.7	3791.56
11.1	3779.38
11.6	3769.75
12.0	4690.28
12.5	4746.12
12.9	4690.26
13.3	4622.78
13.8	4617.72
14.2	4553.52
14.6	4489.67
15.1	4437.38
15.5	4432.34
16.0	4373.28
16.4	4319.52
16.8	4321.24
17.3	4277.04
17.7	4222.70
18.1	2897.16
18.6	2900.10
19.0	2897.60
19.5	2899.07
19.9	2886.78
20.3	2885.43
20.8	2885.23
21.2	2880.87
21.6	2880.22
22.1	2934.10
22.5	2932.13
23.0	7706.69
23.4	7701.85
23.8	7685.65
24.3	7683.05
24.7	7684.59
25.2	7629.35
25.6	7630.88
26.0	7630.88
26.5	7630.47
26.9	7631.56
27.4	7630.22
27.8	7573.43
28.2	7504.96
28.7	7451.32
29.1	7449.20
29.5	7439.22
30.0	7441.41
30.4	7494.91
30.9	7501.11
31.3	6415.80
31.8	6392.79
32.2	7637.03
32.7	7797.99
33.1	7797.80
33.5	7792.25
34.0	6708.89
34.4	6708.76
34.9	6865.48
35.3	6864.97
35.8	7297.19
36.2	6317.45
36.6	6317.39
37.1	6262.69
37.5	1916.87
38.0	1916.67
38.4	1919.21
38.8	7032.51
39.3	7032.51
39.7	7031.69
40.2	7012.24
40.6	6960.45
41.0	6906.31
41.5	6905.42
41.9	6907.71
42.3	6920.91
42.8	6867.26
43.2	6804.82
43.7	6805.69
44.1	6811.52
45.0	6680.08
45.9	6135.53
46.8	6191.86
47.7	6194.21
48.6	6195.18
49.4	6180.13
50.3	6113.81
51.2	6276.27
52.1	6272.94
53.0	6274.44
53.8	6275.93
54.7	6264.45
55.6	6371.64
56.5	6371.85
57.4	6375.64
58.2	6438.66
59.1	6439.12
60.0	6514.58
60.9	6515.78
61.8	6587.79
62.6	6561.76
63.5	6561.53
64.4	6551.58
65.3	6490.24
66.2	6542.55
67.0	6545.18
67.9	6545.23
68.8	6544.16
69.7	6595.96
70.6	6598.57
71.5	6659.17
72.3	6711.94
73.2	6712.04
74.1	6764.56
75.0	6770.55
75.9	6819.57
76.8	6810.96
77.7	6811.22
78.6	6810.70
79.5	6811.31
80.3	6809.68
81.2	6860.50
82.1	6906.00
83.0	6951.30
83.9	6951.23
84.7	6952.86
85.6	6952.60
86.5	6952.84
87.4	6952.59
88.7	7005.69
89.6	7005.69
90.9	7007.11
92.2	7107.61
93.6	7161.35
94.9	7263.22
96.2	7371.65
97.5	7425.79
98.9	7427.18
100.2	6889.88
101.5	6835.72
102.8	6834.41
104.2	6835.77
105.5	6943.45
106.8	6942.72
108.1	6945.22
109.5	6835.42
110.8	6889.52
112.1	6889.64
113.4	11598.49
114.7	11597.92
116.1	11598.01
117.4	11598.00
118.7	11710.08
120.1	11653.93
121.4	11760.62
122.7	167.32
124.1	167.35
125.4	164.86
126.7	168.51
128.0	167.67
129.4	167.74
130.7	167.60
132.0	168.06
133.7	167.88
135.1	168.18
136.8	166.77
138.6	167.16
140.4	164.39
142.1	813.13
143.9	812.70
145.7	799.53
147.4	799.56
149.2	799.22
150.9	798.95
152.7	797.16
154.5	797.24
156.3	796.15
158.0	796.03
159.8	797.70
161.5	797.82
163.3	789.85
165.1	787.52
166.8	787.47
168.6	787.78
170.4	787.78
172.2	787.44
174.0	787.38
176.1	787.38
177.9	788.67
180.1	787.53
182.3	787.44
184.5	787.52
186.7	787.74
188.9	787.74
191.2	787.17
193.4	787.11
195.6	787.14
197.8	787.83
199.9	1275.22
202.2	1275.24
204.4	1275.58
206.6	1275.23
208.8	1275.27
211.0	1274.70
213.2	1274.70
215.4	1275.28
217.6	1273.75
219.9	1273.60
222.1	1277.52
224.8	1276.18
227.4	1276.29
230.1	1276.53
232.7	1275.85
235.4	1275.85
238.0	1278.82
240.7	1278.87
243.3	1278.75
246.0	6037.86
248.6	6037.56
251.3	5067.00
253.9	5066.94
256.6	5065.15
259.3	5065.04
261.9	5063.07
264.6	5063.03
267.6	5063.25
270.7	5063.28
273.8	5048.84
276.9	5048.80
280.0	5049.11
283.1	5053.02
286.2	5052.53
289.3	5051.02
292.3	5051.81
295.4	1257.55
298.5	1258.11
301.6	1258.30
304.7	1255.95
307.8	1255.95
310.9	1255.95
314.0	1256.20
317.5	1256.46
321.1	1256.45
324.6	1258.45
328.2	1258.45
331.7	1258.48
335.2	1258.48
338.8	1258.81
342.3	1260.56
345.9	1260.07
349.4	1258.95
352.9	1258.96
356.5	1258.96
360.5	1248.08
364.4	1247.84
368.4	1247.84
372.4	1247.84
376.4	1247.84
380.3	1247.84
384.3	1247.84
388.3	1248.17
392.3	1248.17
396.3	1248.17
400.7	1248.50
405.1	1248.50
409.5	1248.93
414.0	1248.93
418.4	1250.70
422.8	1250.84
427.3	1250.83
431.7	1250.83
436.1	1250.83
440.5	1250.83
445.4	1250.83
450.2	1251.25
455.0	1251.25
459.9	1251.25
464.7	1251.25
469.6	1251.25
474.4	1251.25
479.3	1251.25
484.2	1251.25
489.0	1251.25
494.3	1251.65
499.6	1249.75
504.9	1249.75
510.2	1249.75
515.5	1249.75
520.8	1249.75
526.1	1249.75
531.4	1249.75
537.1	1249.75
542.9	1255.79
548.6	1255.79
554.4	1254.94
560.2	1255.82
565.9	1255.82
571.7	100.41
577.4	100.35
583.6	100.35
589.8	100.35
596.0	100.35
602.2	100.35
608.4	100.35
614.5	100.35
620.8	100.35
627.4	100.35
634.0	100.35
640.7	100.35
647.3	100.35
653.9	100.35
660.6	100.35
667.2	100.35
674.3	100.06
681.4	100.06
688.4	100.06
695.5	100.06
702.5	100.06
709.6	100.06
717.1	100.06
724.6	100.06
732.1	100.06
739.6	100.06
747.1	100.06
754.6	100.06
762.4	100.06
770.3	100.06
778.3	100.06
786.3	100.06
794.3	100.06
802.7	100.06
811.1	100.06
819.5	100.06
827.8	100.06
836.3	100.06
844.6	100.06
853.5	100.06
862.3	100.06
871.1	100.06
879.8	100.06
888.7	100.06