  0.68   0.65
 -0.31  -0.24
  0.85   0.94
 -0.34  -0.31
 -0.58   0.62
 -0.04  -0.11
 -0.82   0.61
 -0.38   0.16
  0.71   0.75
  0.80   0.95
  0.66   0.64
 -0.11  -0.03
 -0.16   0.11
 -0.47   0.75
  0.09   0.43
  0.04  -0.36
 -0.80   0.77
 -0.63   0.79
 -0.13   0.46
  0.49   0.78
  0.93   1.12
  0.08  -0.35
  0.27  -0.19
 -0.66   0.56
  0.98   1.02
  0.13  -0.16
 -0.21   0.10
  0.41   0.29
  0.18   0.34
 -0.46   0.21
  0.03  -0.24
  0.96   1.42
  0.96   1.45
  0.93   1.12
  0.08  -0.21
 -0.49   0.39
  0.66   0.21
 -0.70   0.45
 -0.81   0.57
 -0.17   0.10
 -0.22   0.03
  0.24   0.32
 -0.07   0.31
 -0.47   0.58
  0.41   0.28
 -0.16   0.03
  0.97   0.79
 -0.07  -0.09
  0.22   0.32
 -0.71   0.73
  0.51   0.22
  0.21   0.57
  0.64   0.58
 -0.65   0.74
  0.05   0.55
  0.41   0.67
 -0.96   1.36
 -0.35   0.03
 -0.38  -0.15
  0.61   0.71
 -0.93   0.75
  0.98   0.99
  0.58   0.61
  0.53   0.62
 -0.24  -0.04
 -0.84   1.07
 -0.35   0.42
 -0.12   0.15
 -0.38   0.18
 -0.87   1.15
  0.38   0.38
 -0.58   0.57
  0.42   0.48
  0.64   0.59
 -0.52   0.54
  0.56   0.54
 -0.22   0.21
 -0.64   0.94
  0.92   0.99
  0.73   0.31
 -0.04   0.39
 -0.42   0.40
 -0.73   1.08
 -0.67   0.51
 -0.51  -0.11
 -0.71   0.81
 -0.44   0.32
  0.34   0.15
  0.45   0.27
  0.83   0.57
 -0.91   1.07
 -0.27   0.46
 -0.51   0.23
 -0.90   0.66
  0.09   0.03
  0.05  -0.16
 -0.87   0.45
 -0.43   0.61
 -0.00   0.16
  0.48   0.49
 -0.84   1.06
 -0.45   0.34
 -0.25   0.30
 -0.91   1.03
 -0.82   0.88
 -0.45   0.23
  0.77   0.59
 -0.40   0.30
  0.45   0.28
 -0.56   0.17
 -0.81   1.00
  0.68   0.81
  0.18   0.03
  0.64   1.01
  0.63   0.61
 -0.16   0.48
  0.66   0.92
 -0.22   0.14
 -0.49   0.36
 -0.66   0.92
  0.77   0.91
 -0.10  -0.28
 -0.42   0.22
  0.96   1.23
  0.85   0.72
  0.87   0.71
  0.86   0.85
 -0.53   0.72
 -0.60   0.54
  0.43   0.65
 -0.37   0.29
 -0.84   0.72
 -0.46   0.35
  0.11  -0.39
  0.72   0.97
  0.92   0.89
 -0.32   0.29
  0.27   0.05
  0.45   0.44
 -0.25   0.34
 -0.45   1.16
 -0.52   0.85
 -0.78   0.90
  0.03  -0.11
 -0.88   0.33
 -0.56   1.02
  0.83   0.54
 -0.01   0.14
  0.86   1.05
 -0.53   0.21
 -0.60   0.10
  0.89   1.15
  0.65   0.61
 -0.04   0.29
  0.72   0.51
 -0.32   0.40
 -0.75   0.69
  0.47   0.48
  0.49   0.69
  0.55   0.59
 -0.20  -0.15
 -0.52   0.36
 -0.61   1.07
 -0.02  -0.02
 -0.67   0.63
  0.42   0.46
 -0.20   0.66
  0.84   0.27
  0.05  -0.12
  0.96   0.51
 -0.71   0.72
  0.04  -0.16
 -0.68   0.91
 -0.38   0.26
  0.11   0.18
  0.40   0.32
 -0.75   0.59
 -0.43   0.54
  0.96   1.53
 -0.20   0.31
 -0.14  -0.48
  0.84   0.50
  0.12  -0.28
  0.66   1.07
 -0.15   0.19
  0.28   0.48
  0.78   0.54
 -0.75   0.73
  0.37   0.26
 -0.67   0.39
 -0.71   0.31
 -0.96   0.82
  0.68   0.75
 -0.36   0.56
  0.59   0.44
  0.68   0.23
  0.10  -0.04
  0.13   0.43
  0.28   0.52
 -0.83   0.55
 -0.41   0.38
 -0.21  -0.00
  0.08   0.23
  0.04  -0.02
 -0.11   0.14
  0.40   0.34
  0.22   0.43
  0.30   0.19
 -0.85   0.83
  0.13  -0.12
 -0.55   0.49
  0.15   0.09
  0.48   0.15
 -0.19   0.24
 -0.39  -0.11
 -0.79   0.50
 -0.53   0.73
  0.07  -0.17
  0.51   0.75
  0.84   0.78
  0.70   0.39
  0.94   0.55
 -0.73   1.00
  0.95   1.10
 -0.44   0.55
 -0.50   0.54
 -0.34   0.00
  0.31   0.61
  0.02   0.14
  0.85   0.57
  0.74   0.58
 -0.05  -0.14
 -0.94   0.80
 -0.59   0.18
  0.28  -0.32
  0.98   0.88
  0.64   0.20
 -0.20   0.13
  0.58   1.10
  0.08  -0.05
 -0.39   0.66
  0.22   0.36
  0.07  -0.08
 -0.87   1.11
 -0.05   0.14
  0.91   0.91
  0.87   1.19
 -0.99   1.14
  0.55   1.30
 -0.90   0.81
  0.49   0.42
  0.11   0.30
 -0.90   0.64
 -0.38   0.52
  0.38   0.61
 -0.67   0.58
 -0.05   0.25
  0.36   0.85
  0.84   0.51
  0.04   0.08
  0.05   0.08
 -0.20   0.22
 -0.98   0.74
  0.14   0.29
  0.93   1.22
  0.19   0.41
 -0.85   1.16
  0.44   0.84
  0.34  -0.04
 -0.33   0.16
  0.90   0.73
  0.58   0.39
 -0.97   0.70
 -0.18   0.09
 -1.00   0.83
 -0.75   1.07
  0.98   1.01
 -0.94   1.11
  0.46   1.00
  0.64   0.38
 -0.21  -0.10
 -0.18   0.04
 -0.39   0.61
 -0.85   0.46
 -0.94   1.08
  0.49   0.26
 -0.94   0.87
  0.08   0.19
 -0.05   0.45
 -0.98   0.94
  0.75   0.86
  0.67   0.83
  0.62   0.21
 -0.29  -0.33
  0.64   0.42
 -0.32   0.48
  0.39   0.34
 -0.88   1.29
 -0.03  -0.23
  0.77   0.68
  0.15   0.18
 -0.99   1.20
 -0.38   0.25
 -0.58   0.45
  0.08   0.00
  0.30   0.29
 -0.78   0.61
  0.85   0.55
 -0.79   0.57
  0.75   0.40
 -0.13  -0.03
 -0.34  -0.00
 -0.27  -0.03
  0.76   1.15
  0.12   0.66
  0.91   1.48
  0.10  -0.07
 -0.17  -0.18
 -0.65   0.98
 -0.54   0.18
  0.02   0.07
  0.15   0.43
 -0.82   0.94
  0.73   0.40
 -0.47   0.41
 -0.32   0.59
 -0.33   0.41
  0.66   0.70
  0.88   0.79
  0.24   0.29
 -0.89   1.25
  0.83   0.84
  0.35   0.74
  0.16   0.32
 -0.70   0.83
  0.71   0.58
  0.17  -0.38
 -0.83   0.77
  0.47   0.47
  0.28   0.51
  0.18   0.54
 -0.86   0.79
 -0.36  -0.00
  0.22  -0.04
 -0.07   0.57
  0.49   0.31
 -0.96   0.58
 -0.85   0.80
  0.92   0.93
 -0.96   0.94
  0.19  -0.39
 -0.33   0.07
 -0.71   0.67
  0.30  -0.22
 -0.29   0.67
 -0.18  -0.17
  0.68   0.52
  0.57   0.39
 -0.17   0.41
 -0.08   0.06
  0.89   0.86
  0.99   0.88
 -0.69   0.71
  0.09   0.42
 -0.95   1.04
  0.71   0.57
  0.67   0.95
  0.24   0.13
 -0.34   0.22
 -0.00  -0.00
 -0.05   0.71
  0.93   1.59
 -0.29   0.32
  0.27   0.50
 -0.90   0.91
  0.17   0.17
  0.23   0.16
  0.19  -0.16
  0.93   0.50
  0.11  -0.39
  0.96   1.11
  0.64   1.04
 -0.75   0.89
 -0.55   0.11
  0.20   0.12
 -0.10  -0.50
  0.40   0.75
  0.91   0.84
 -0.60   0.31
  0.20   0.38
 -0.85   0.87
  0.91   1.19
  0.27   0.42
  0.18  -0.01
 -0.47   0.33
  0.02  -0.30
  0.84   1.08
  0.75   1.10
  0.06  -0.20
 -0.32   0.31
 -0.03  -0.19
  0.40   0.07
 -0.33   0.20
  0.50   0.81
  0.57   1.11
 -0.70   0.96
  0.09  -0.01
 -0.99   0.86
  0.67   0.68
  0.15   0.04
  0.29   0.58
  0.03  -0.25
 -0.59   0.75
 -0.98   0.48
 -0.33   0.25
 -0.10   0.51
 -0.78   0.67
 -0.89   0.84
 -0.23   0.13
 -0.55   0.20
  0.61   0.79
 -0.34   0.31
  0.90   0.79
  0.15   0.60
 -0.48   0.04
 -0.89   1.15
 -0.92   1.34
  0.91   0.87
 -0.34   0.12
  0.08   0.51
  0.82   0.58
 -0.66   0.72
  0.02  -0.23
 -0.05   0.51
  0.39   0.44
 -0.64   0.79
  0.22  -0.30
 -0.13   0.56
 -0.03   0.14
  0.67   0.68
 -0.02   0.05
 -0.35   0.22
 -0.50   0.57
 -0.71   0.63
  0.70   0.73
 -0.52   1.35
  0.51   0.38
 -0.67   0.48
 -0.34   0.56
 -0.45   0.32
  0.82   0.73
 -0.32  -0.31
 -0.06   0.23
 -0.33   0.00
 -0.28   0.39
  0.98   1.13
  0.11   0.08
 -0.01  -0.05
  0.36   0.13
 -0.35   0.47
  0.84   1.12
 -0.45   0.14
 -0.48   0.03
  0.01  -0.27
  0.04  -0.14
  0.37   0.78
  0.58  -0.14
  0.56   0.50
  0.71   0.63
 -0.79   0.64
 -0.35   0.16
  0.16  -0.10
  0.73   1.05
 -0.11   0.23
 -0.76   0.56
  0.88   0.71
  0.43   0.26
 -0.33   0.51
 -0.55   0.53
 -0.17   0.23
 -0.16  -0.32
  0.53   0.29
  0.99   1.28
  0.30   0.24
 -0.29   0.54
  0.23   0.34
  0.19  -0.00
  0.71   1.04
 -0.35   0.39
  0.54   0.73
 -0.25   0.03
 -0.16   0.12
  0.43   0.51
  0.07   0.12
  0.58  -0.60
 -0.59   0.36
 -0.68   0.89
 -0.24   0.08
  0.52   0.36
  0.23   0.14
  0.26   0.48
  0.50   0.68
  1.00   0.86
  0.25  -0.21
 -0.37   0.24
  0.13  -0.40
  0.86   0.78
  0.81   1.03
  0.52   0.57
  0.79   0.79
 -0.54   0.99
  0.19  -0.14
  0.09  -0.06
 -0.73   0.52
 -0.70   0.35
 -0.16   0.47
 -0.10   0.25
 -0.19   0.08
 -0.41  -0.05
 -0.71   1.07
  0.19  -0.01
  0.94   1.21
  0.23   0.05
 -0.25   0.25
 -0.03  -0.48
 -0.10   0.12
 -0.59   0.73
  0.66   1.12
  0.36   0.29
 -0.18   0.17
  0.99   1.20
  0.22  -0.22
 -0.82   0.99
 -0.54   0.93
 -0.73   0.74
  0.34   0.63
  0.66   0.75
 -0.72   0.68
  0.73   0.87
  0.72   0.60
 -0.36   0.59
 -0.01  -0.03
 -0.20   0.33
 -0.22  -0.30
  0.90   1.11
  0.37   0.13
 -0.92   0.69
 -0.93   1.00
  0.84   1.16
 -0.70   0.99
 -0.51   0.50
 -0.78   1.09
 -0.65   1.21
 -0.85   0.68
  0.42   0.37
  0.65   0.37
 -0.25   0.13
 -0.61   0.40
 -0.54   0.29
  0.98   1.38
 -0.16   0.43
  0.66   0.41
 -0.27   0.25
  0.40   0.76
  0.97   1.05
  0.81   1.14
 -0.67   0.26
 -0.39   0.49
  0.57   0.71
  0.84   0.65
  0.42   0.81
 -0.73   0.85
  0.54  -0.01
  0.82   0.47
 -0.20   0.51
  0.15   0.16
  0.79   1.09
 -0.22   0.19
 -0.78   0.89
 -0.51   0.16
  0.69   0.56
 -0.87   0.79
 -0.95   1.23
  0.02  -0.14
 -0.47   0.50
  0.82   0.83
 -0.25   0.08
 -0.14   0.42
  0.20   0.55
  0.97   1.04
  0.30   0.44
 -0.66   0.85
 -0.02  -0.34
  0.02   0.34
  0.27  -0.23
  0.51   0.26
 -0.00  -0.15
  0.70   0.80
 -0.74   0.83
  0.05  -0.09
 -0.97   0.64
  0.98   1.12
  0.92   0.76
 -0.43   0.58
  0.74   0.87
  0.42   0.74
 -0.00  -0.27
 -0.78   0.59
 -0.15   0.24
  0.19  -0.09
 -0.57   0.40
 -0.45   0.43
 -0.46   0.39
 -0.63   0.83
 -0.50   0.32
  0.46   0.59
 -0.96   0.81
 -0.69   0.45
 -0.51   0.93
  0.35   0.33
 -0.17   0.13
 -0.70   0.54
 -0.17   0.07
  0.32   0.59
 -0.01  -0.17
 -0.77   0.55
 -0.35   0.25
 -0.19  -0.20
 -0.08   0.16
  0.77   0.60
  0.52   1.07
  0.41   0.62
  0.09  -0.35
  0.24   0.74
 -0.64   0.65
  0.96   0.80
  0.28   0.09
  0.51   0.54
 -0.79   0.77
 -0.73   0.96
 -0.57   0.59
 -0.75   0.78
 -0.44   0.13
  0.61   0.40
 -0.24   0.13
  0.64   1.05
 -0.48   0.04
 -0.87   0.61
 -0.34   0.23
  0.23   0.17
 -0.67   0.58
  0.33  -0.01
 -0.86   1.48
  0.71   0.97
  0.16  -0.33
 -0.49   0.46
  0.21   0.66
  0.46   0.58
  0.99   1.08
 -0.36   0.49
  0.09  -0.12
 -0.10  -0.35
  0.33   0.52
 -0.97   1.56
 -0.53   0.17
  0.31   0.38
  0.71   0.85
 -0.56   0.81
  0.74   0.77
  0.48   0.65
  0.65   1.18
  0.70   0.73
 -0.97   0.62
  0.75   0.32
  0.76   0.57
  0.32   0.49
  0.46   0.62
  0.95   1.14
  0.84   0.74
 -0.78   0.37
  0.19   0.44
  0.39   0.44
  0.16   0.04
 -0.88   1.11
 -0.62   0.78
 -0.20   0.06
 -0.73   0.87
  0.49   0.56
 -0.68   0.67
  0.31  -0.22
  0.99   0.74
  0.50   0.35
 -0.46   0.75
 -0.50   0.53
 -0.02   0.03
 -0.42   0.23
  0.91   0.59
 -0.12   0.03
 -0.57   0.73
  0.67   0.50
 -0.52   0.32
 -0.35   0.15
 -0.07   0.01
 -0.02   0.22
  0.23   0.29
 -0.10  -0.44
 -0.22   0.24
 -0.34  -0.07
  0.43   0.51
  0.94   1.08
 -0.80   1.10
  0.31   0.21
  0.82   0.78
 -0.19   0.14
 -0.07   0.07
 -0.86   0.83
  0.97   0.99
 -0.18   0.11
 -0.49   0.18
 -0.88   0.69
 -0.13  -0.01
 -0.29   0.19
  0.58   0.37
 -0.64   0.28
 -0.49   0.44
 -0.85   0.72
  0.73   0.74
  0.43   0.32
 -0.36   0.44
  0.30   0.08
 -0.58   0.28
 -0.40   0.40
 -0.69   0.99
 -0.54   0.30
 -0.04   0.03
  0.13   0.33
  0.10   0.02
  0.20   0.42
  0.97   0.93
 -0.98   1.33
 -0.60   0.05
 -0.11  -0.23
 -0.82   0.75
 -0.35   0.47
  0.14   0.11
  0.87   1.13
 -0.34   0.66
 -0.84   1.18
 -0.82   1.03
 -0.53   0.61
  0.60   0.40
  0.90   1.08
 -0.56   0.73
  0.89   0.47
 -0.72   0.70
  0.15   0.24
  0.95   1.05
  0.63   0.36
 -0.76   0.64
  0.38   0.53
  0.55   0.62
  0.42   0.35
 -0.91   0.88
 -0.93   0.94
 -0.64   0.18
 -0.99   1.08
 -0.71   1.04
  0.64   0.13
 -0.48   0.51
 -0.10  -0.10
  0.67   0.86
 -0.83   0.69
 -0.25   0.18
 -0.07   0.17
  0.13   0.11
  0.77   1.05
  0.01   0.34
 -0.12   0.02
  0.50   0.62
 -0.07  -0.19
  0.76   1.08
 -0.68   0.23
  0.18   0.01
 -0.55   1.31
  0.68   0.83
 -0.08   0.12
  0.31   0.53
  0.35   0.29
 -0.61   0.51
 -0.18   0.25
  0.50   0.58
 -0.36   0.33
  0.46  -0.02
  0.72   0.96
 -0.56   0.41
  0.73   0.96
 -0.14  -0.15
  0.08   0.08
  0.76   0.62
  0.15  -0.25
  0.23   0.13
 -0.12   0.11
  0.12  -0.57
 -0.24   0.44
 -0.63   0.67
 -0.44   0.31
  0.84   0.99
 -0.74   0.56
 -0.74   0.51
  0.25   0.20
  0.76   0.88
  0.44   0.49
  0.32   0.42
 -0.44   0.87
  0.33   0.62
 -0.76   1.23
  0.74   1.40
  0.81   0.39
 -0.40   0.23
  0.16   0.15
 -0.54   0.92
 -0.44   0.64
  0.85   1.25
  0.27   0.41
 -0.94   0.76
  0.65   0.56
  0.87   0.82
 -0.04  -0.10
 -0.43   0.35
 -0.78   0.77
 -0.80   0.54
 -0.04   0.23
  0.21   0.30
  0.71   0.64
  0.51   0.43
 -0.38   0.33
 -0.32   0.37
  0.77   0.95
 -0.91   0.89
  0.79   0.70
 -0.94   0.78
 -0.05  -0.18
  0.85   0.98
 -0.33   0.61
 -0.51   0.82
 -0.63   0.47
 -0.77   0.40
 -0.56   0.89
  0.67   0.68
 -0.87   1.17
 -0.25   0.43
  0.17   0.44
 -0.13   0.20
 -0.01  -0.14
  0.87  -0.02
  0.22   0.05
 -0.77   0.75
 -0.73   0.38
  0.68   0.53
 -0.69   0.55
 -0.17   0.28
 -0.42   0.40
 -0.53   1.08
 -0.46   0.66
  0.89   0.73
 -0.15  -0.02
  0.30   0.44
  0.42   0.43
  0.68   0.87
 -0.66   0.84
 -0.18  -0.03
 -0.86   0.96
 -0.93   1.08
 -0.34   0.05
  0.42   0.40
 -0.36   0.34
 -0.44  -0.30
  0.80   0.66
 -0.01   0.24
 -0.40  -0.03
 -0.47   0.46
 -0.15   0.07
 -0.41  -0.54
  0.25  -0.16
  0.86   0.92
  0.35   0.51
  0.90   1.17
 -0.82   0.74
 -0.90   1.10
  0.88   1.01
  0.95   0.89
  0.01   0.23
  0.54   0.70
 -0.37   0.33
 -0.12  -0.71
 -0.47   0.88
  0.24   0.47
 -0.17   0.35
  0.68   0.56
 -0.93   0.82
  0.60   0.86
  0.49   0.86
  0.78   0.81
 -0.01   0.26
 -0.96   1.34
 -0.71   0.96
  0.17   0.37
 -0.94   0.53
 -0.42   0.77
  0.12  -0.05
  0.84   0.87
 -0.57   0.48
 -0.54   0.51
 -0.98   0.56
 -0.07  -0.16
 -0.49   0.47
 -0.08   0.28
 -0.59   0.89
  0.32   0.11
 -0.59   0.63
  0.08   0.34
  0.24   0.21
 -0.35   0.52
 -0.18  -0.07
  0.70   0.56
 -0.05   0.24
 -0.13  -0.36
  0.24   0.14
  0.54   0.55
  0.17  -0.32
 -0.36   0.61
 -0.64   0.70
  0.92   1.14
  0.35   0.29
 -0.47   0.70
 -0.96   0.97
  0.79   0.53
  0.54   0.32
 -0.19   0.41
 -0.41   0.57
  0.77   0.79
 -0.53   0.53
 -0.90   0.85
  0.54   0.38
 -0.42   0.77
  0.02   0.19
 -0.68   0.34
 -0.87   0.48
 -0.37   0.60
 -0.46   0.47
  0.08  -0.01
  0.51   0.64
 -0.53   0.06
  0.87   0.82
 -0.25   0.41
 -0.46  -0.06
  0.33   0.36
 -0.05   0.01
 -1.00   0.66
 -0.42   0.10
  0.08   0.53
 -0.98   0.72
  0.24   0.41
  0.18   0.36
 -0.24   0.62
  0.56   0.35
  0.39   0.18
  0.76   0.27
  1.00   0.68
 -0.52   0.39
 -0.66   0.75
  0.53   0.67
  0.77   0.62
  0.84   0.70
  0.07  -0.28
 -0.67   0.86
 -0.75   0.92
  0.42   0.48
 -0.32   0.59
  0.39   0.43
  0.79   1.31
  0.34   0.43
  0.48   0.86
 -0.50   0.81
  0.94   1.67
  0.66   0.02
 -0.28   0.02
  0.89   1.28
 -0.74   1.16
  0.81   0.75
  0.96   0.12
 -0.63   0.53
 -0.86   1.20
  0.61   0.56
  0.53   0.95
  0.20   0.50
 -0.07  -0.15
  0.28  -0.11
 -0.23   0.47
  0.02   0.29
