3.0766 3.9354 1
0.3230 3.7768 1
2.2275 3.1865 1
2.1847 3.1470 1
2.0982 2.6313 1
2.0576 3.8666 1
2.8033 1.8933 1
0.8373 2.4660 1
2.1556 4.1180 1
1.2590 3.5027 1
1.4392 3.5678 1
2.0219 5.5704 1
1.7667 2.4708 1
0.8831 1.3966 1
1.6094 3.2441 1
2.6165 4.8894 1
1.3675 3.0789 1
2.6965 4.5225 1
3.6315 1.5507 1
2.7357 3.0214 1
3.3720 3.1635 1
3.3082 2.7284 1
1.1989 3.6464 1
2.8620 2.1693 1
1.1946 3.2089 1
1.7634 3.9970 1
2.7473 3.1763 1
0.4847 3.0706 1
0.2532 3.7296 1
2.4912 4.5454 1
3.5968 4.6336 1
1.3629 3.8597 1
1.9202 5.4938 1
2.5570 2.7316 1
3.2897 2.3918 1
1.9749 3.7529 1
2.2908 2.6773 1
2.8124 6.7322 1
2.3737 2.2914 1
2.1625 3.9359 1
1.9292 3.6326 1
2.0733 4.7581 1
2.6781 4.1110 1
2.0679 2.8036 1
1.8798 3.0930 1
2.3178 3.0800 1
1.8643 3.4089 1
3.1689 3.6633 1
2.6893 4.8394 1
1.8595 4.7349 1
-0.4797 -3.2013 2
-1.1437 -0.3001 2
3.1845 1.4094 2
-0.4485 -1.9992 2
-2.8016 -0.5729 2
-1.7009 2.8830 2
-0.2390 -0.7242 2
0.8082 -3.0568 2
3.1836 2.5947 2
-1.1211 2.2872 2
-0.1154 -1.6748 2
-2.4252 1.2135 2
-1.8562 3.2476 2
-0.4620 0.0263 2
0.3632 -0.1738 2
2.2937 -1.9579 2
-6.1214 3.0413 2
1.5891 -3.9648 2
-0.1672 -2.9634 2
-1.5502 0.8638 2
-0.0742 2.0921 2
-2.5609 -2.3000 2
-0.8958 2.6343 2
-0.0214 2.6751 2
-1.1085 2.3555 2
-2.0146 0.6403 2
2.6883 5.1199 2
-1.5002 4.4270 2
-2.8974 -1.0401 2
3.8038 -0.0536 2
1.3787 4.6613 2
-0.6127 3.0982 2
-0.1729 -1.7391 2
-2.7201 0.2809 2
-0.1945 0.3361 2
-2.5142 -1.6340 2
-0.9980 -0.3798 2
1.5599 -1.6811 2
1.8378 3.1634 2
0.0113 3.8439 2
-1.5775 -0.7749 2
1.1871 2.3864 2
-2.2268 1.4927 2
-0.0386 3.6332 2
0.6669 -6.0571 2
-4.8813 -0.2345 2
-1.3670 -0.2383 2
-0.2258 1.4781 2
-2.0594 -1.1995 2
0.1856 2.5484 2
